vR [1, 0, 1.5, 0]  v=  [1.0, 1.5, 1.0499999523162842, 0.0]
[ 0.         -1.5         0.45000005  0.        ]
error=  1.56604599004

vR [1, 1.05, 0, 1.5]  v=  [1.0, 1.5, 1.0499999523162842, 1.0499999523162842]
[ 0.         -0.45       -1.04999995  0.45000005]
error=  1.22780289248

vR [1.35, 1.5, 0, 0]  v=  [1.0, 0.0, 1.5, 0.0]
[ 0.35  1.5  -1.5   0.  ]
error=  2.15

vR [1.35, 1.5, 0, 1.05]  v=  [1.0, 0.0, 1.5, 1.0499999523162842]
[  3.50000000e-01   1.50000000e+00  -1.50000000e+00   4.76837159e-08]
error=  2.15

vR [1.35, 0, 1.5, 0]  v=  [1.0, 1.0499999523162842, 1.5, 0.0]
[ 0.35       -1.04999995  0.          0.        ]
error=  1.10679713582

vR [1.35, 1.05, 0, 1.5]  v=  [1.0, 1.0499999523162842, 1.5, 1.0499999523162842]
[  3.50000000e-01   4.76837159e-08  -1.50000000e+00   4.50000048e-01]
error=  1.60468066696
